Autoregressive_training for q13:START: 
 Seed_id: [4, 6, 4, 18, 12, 9, 21, 4, 5, 8, 20, 11, 8, 5, 5, 14]
 generated_ids: [4, 6, 4, 18, 12, 9, 21, 4, 5, 8, 20, 11, 8, 5, 5, 14, 4, 4, 4, 4, 5, 4, 4, 8, 5, 8, 23, 4, 4, 6, 4, 26, 4, 5, 5, 4, 21, 9, 11, 21, 26, 4, 6, 4, 5, 4, 7, 20, 3, 4, 6, 23, 4, 16, 4, 22, 4, 4, 4, 4, 4, 4, 8, 4, 4, 2, 26, 7, 16, 4, 25, 4, 21, 6, 20, 8, 4, 4, 5, 28, 4, 4, 3, 28, 4, 4, 4, 4, 4, 4, 30, 18, 6, 13, 24, 5, 4, 9, 13, 4, 25, 9, 7, 27, 5, 9, 16, 22, 12, 8, 12, 29, 4, 4, 5, 4, 16, 6, 4, 4, 21, 4, 16, 4, 4, 16, 4, 8, 11, 4, 4, 4, 4, 14, 29, 18, 10, 10, 15, 4, 17, 4, 21, 19, 4, 20, 6, 4, 4, 26, 4, 4, 10, 17, 30, 2, 4, 19, 24, 5, 25, 25, 23, 23, 9, 4, 4, 3, 13, 5, 1, 16, 23, 13, 16, 4, 12, 17, 4, 18, 22, 11, 6, 4, 6, 15, 4, 4, 4, 4, 23, 4, 21, 21, 4, 15, 20, 4, 7, 4, 1, 10, 29, 6, 26, 4, 4, 4, 24, 4, 4, 4, 9, 9, 24, 7]
 text:  a busy engineer    e  nen.  a ) ee ysiy) a e tg.unk a. w m      n  .end)tw ( yagn  ef  .unkf      jbaode so (stpeswmunuq  e wa  y w  w ni    rqbhhl c yk ga  )  hcj.end kde((..s  .unkoe.startw.ow uc bmia al    . yy lg t .starthqa)   d   ssdt 
 Val bits: 4.410120937108993 
 val acc: 0.210109375
 ENDSTART: 
 Seed_id: [4, 16, 10, 11, 15, 5, 4, 6, 4, 16, 11, 15, 15, 13, 16, 21]
 generated_ids: [4, 16, 10, 11, 15, 5, 4, 6, 4, 16, 11, 15, 15, 13, 16, 21, 4, 18, 12, 9, 11, 8, 5, 9, 9, 22, 6, 8, 4, 16, 5, 8, 7, 4, 25, 4, 16, 11, 7, 10, 4, 6, 4, 5, 8, 20, 6, 20, 5, 24, 4, 16, 13, 22, 6, 8, 4, 26, 4, 18, 14, 11, 5, 28, 15, 21, 4, 29, 12, 11, 17, 19, 15, 21, 4, 26, 4, 23, 4, 6, 4, 9, 27, 5, 17, 7, 6, 17, 12, 15, 6, 14, 4, 18, 12, 8, 8, 21, 4, 14, 6, 8, 4, 16, 11, 7, 10, 4, 6, 4, 18, 12, 9, 11, 8, 5, 9, 9, 22, 6, 8, 4, 23, 4, 7, 10, 5, 4, 18, 12, 9, 11, 8, 5, 9, 9, 22, 6, 8, 4, 14, 12, 8, 9, 4, 13, 8, 4, 6, 4, 5, 8, 20, 11, 8, 5, 5, 14, 4, 23, 4, 7, 10, 5, 4, 15, 6, 16, 21, 5, 14, 4, 16, 6, 15, 19, 9, 4, 25, 4, 18, 12, 7, 4, 7, 10, 5, 4, 18, 12, 8, 8, 21, 4, 14, 12, 8, 9, 4, 26, 4, 23, 4, 7, 10, 5, 4, 24, 13, 20, 4, 14, 12, 8, 9, 4]
 text:  while a willowy businessman went ( with a engaged woman ) briefly quickly ) . a spectacular bunny ran with a businessman . the businessman runs on a engineer . the lawyer walks ( but the bunny runs ) . the dog runs  
 Val bits: 2.3142243120074273 
 val acc: 0.815375
 ENDSTART: 
 Seed_id: [4, 26, 4, 18, 14, 11, 5, 28, 15, 21, 4, 23, 4, 7, 10, 5]
 generated_ids: [4, 26, 4, 18, 14, 11, 5, 28, 15, 21, 4, 23, 4, 7, 10, 5, 4, 9, 27, 5, 17, 7, 6, 17, 12, 15, 6, 14, 4, 15, 6, 16, 21, 5, 14, 4, 16, 5, 8, 7, 4, 16, 10, 11, 15, 5, 4, 7, 10, 5, 4, 16, 13, 22, 6, 8, 4, 10, 11, 19, 5, 24, 4, 7, 13, 4, 7, 10, 5, 4, 7, 5, 6, 17, 10, 5, 14, 4, 11, 22, 27, 6, 7, 11, 5, 8, 7, 15, 21, 4, 23, 4, 6, 4, 20, 13, 14, 20, 5, 13, 12, 9, 4, 15, 6, 16, 21, 5, 14, 4, 14, 12, 8, 9, 4, 25, 4, 7, 13, 4, 6, 4, 8, 11, 17, 5, 4, 7, 5, 6, 17, 10, 5, 14, 4, 26, 4, 23, 4, 6, 4, 8, 11, 17, 5, 4, 18, 12, 8, 8, 21, 4, 16, 6, 15, 19, 9, 4, 28, 13, 14, 4, 7, 10, 5, 4, 16, 13, 22, 6, 8, 4, 18, 14, 11, 5, 28, 15, 21, 4, 23, 4, 7, 10, 5, 4, 8, 11, 17, 5, 4, 22, 6, 8, 4, 20, 13, 5, 9, 4, 25, 4, 7, 13, 4, 7, 10, 5, 4, 29, 12, 11, 17, 19, 4, 30]
 text:  ) briefly . the spectacular lawyer went while the woman hiked to the teacher impatiently . a gorgeous lawyer runs ( to a nice teacher ) . a nice bunny walks for the woman briefly . the nice man goes ( to the quick j 
 Val bits: 2.716782255962491 
 val acc: 0.817578125
 ENDSTART: 
 Seed_id: [4, 18, 5, 6, 14, 4, 16, 5, 8, 7, 4, 16, 10, 11, 15, 5]
 generated_ids: [4, 18, 5, 6, 14, 4, 16, 5, 8, 7, 4, 16, 10, 11, 15, 5, 4, 7, 10, 5, 4, 16, 13, 22, 6, 8, 4, 16, 6, 15, 19, 5, 24, 4, 7, 13, 4, 7, 10, 5, 4, 8, 11, 17, 5, 4, 5, 8, 20, 11, 8, 5, 5, 14, 4, 23, 4, 7, 10, 5, 4, 18, 12, 9, 21, 4, 7, 5, 6, 17, 10, 5, 14, 4, 14, 6, 8, 4, 11, 22, 27, 6, 7, 11, 5, 8, 7, 15, 21, 4, 23, 4, 7, 10, 5, 4, 15, 6, 16, 21, 5, 14, 4, 16, 6, 15, 19, 9, 4, 25, 4, 18, 12, 7, 4, 7, 10, 5, 4, 9, 27, 5, 17, 7, 6, 17, 12, 15, 6, 14, 4, 5, 8, 20, 11, 8, 5, 5, 14, 4, 10, 11, 19, 5, 24, 4, 18, 12, 7, 4, 7, 10, 5, 4, 22, 13, 12, 9, 5, 4, 16, 5, 8, 7, 4, 18, 12, 7, 4, 7, 10, 5, 4, 9, 27, 5, 17, 7, 6, 17, 12, 15, 6, 14, 4, 22, 6, 8, 4, 10, 11, 19, 5, 24, 4, 25, 4, 16, 10, 11, 15, 5, 4, 7, 10, 5, 4, 20, 13, 14, 20, 5, 13, 12, 9, 4]
 text:  bear went while the woman walked to the nice engineer . the busy teacher ran impatiently . the lawyer walks ( but the spectacular engineer hiked but the mouse went but the spectacular man hiked ( while the gorgeous  
 Val bits: 2.7429666465520857 
 val acc: 0.821078125
 ENDSTART: 
 Seed_id: [20, 13, 5, 9, 4, 7, 13, 4, 7, 10, 5, 4, 18, 12, 9, 11]
 generated_ids: [20, 13, 5, 9, 4, 7, 13, 4, 7, 10, 5, 4, 18, 12, 9, 11, 8, 5, 9, 9, 16, 13, 22, 6, 8, 4, 23, 4, 7, 10, 5, 4, 16, 11, 15, 15, 13, 16, 21, 4, 30, 12, 24, 20, 5, 4, 14, 12, 8, 9, 4, 6, 7, 4, 6, 4, 20, 13, 14, 20, 5, 13, 12, 9, 4, 24, 13, 20, 4, 23, 4, 6, 4, 17, 6, 7, 4, 16, 5, 8, 7, 4, 18, 12, 7, 4, 7, 10, 5, 4, 22, 6, 8, 4, 16, 5, 8, 7, 4, 11, 22, 27, 6, 7, 11, 5, 8, 7, 15, 21, 4, 18, 14, 11, 5, 28, 15, 21, 4, 23, 4, 7, 10, 5, 4, 9, 10, 13, 14, 7, 4, 18, 12, 8, 8, 21, 4, 14, 12, 8, 9, 4, 25, 4, 18, 12, 7, 4, 6, 4, 8, 11, 17, 5, 4, 18, 12, 9, 11, 8, 5, 9, 9, 22, 6, 8, 4, 16, 5, 8, 7, 4, 25, 4, 18, 12, 7, 4, 7, 10, 5, 4, 18, 12, 8, 8, 21, 4, 20, 13, 5, 9, 4, 26, 4, 29, 12, 11, 17, 19, 15, 21, 4, 26, 4, 23, 4, 6, 4, 8, 11, 17, 5, 4, 16, 13]
 text: goes to the businesswoman . the willowy judge runs at a gorgeous dog . a cat went but the man went impatiently briefly . the short bunny runs ( but a nice businessman went ( but the bunny goes ) quickly ) . a nice wo 
 Val bits: 3.0181774289011956 
 val acc: 0.817578125
 ENDSTART: 
 Seed_id: [12, 9, 5, 4, 16, 5, 8, 7, 4, 25, 4, 18, 12, 7, 4, 7]
 generated_ids: [12, 9, 5, 4, 16, 5, 8, 7, 4, 25, 4, 18, 12, 7, 4, 7, 10, 5, 4, 14, 5, 15, 12, 17, 7, 6, 8, 7, 4, 17, 6, 7, 4, 14, 12, 8, 9, 4, 25, 4, 16, 10, 11, 15, 5, 4, 7, 10, 5, 4, 24, 13, 20, 4, 10, 11, 19, 5, 24, 4, 25, 4, 6, 7, 4, 7, 10, 5, 4, 18, 12, 9, 11, 8, 5, 9, 9, 16, 13, 22, 6, 8, 4, 26, 4, 29, 12, 11, 17, 19, 15, 21, 4, 26, 4, 18, 14, 11, 5, 28, 15, 21, 4, 26, 4, 23, 4, 7, 10, 5, 4, 18, 5, 6, 14, 4, 10, 11, 19, 5, 24, 4, 25, 4, 16, 10, 11, 15, 5, 4, 7, 10, 5, 4, 9, 21, 8, 7, 10, 5, 7, 11, 17, 4, 18, 12, 9, 11, 8, 5, 9, 9, 16, 13, 22, 6, 8, 4, 10, 11, 19, 5, 24, 4, 18, 12, 7, 4, 7, 10, 5, 4, 29, 12, 11, 17, 19, 4, 22, 13, 12, 9, 5, 4, 10, 11, 19, 5, 24, 4, 18, 12, 7, 4, 6, 4, 24, 13, 20, 4, 20, 13, 5, 9, 4, 26, 4, 23, 4, 7, 10, 5, 4, 22, 6, 8]
 text: use went ( but the reluctant cat runs ( while the dog hiked ( at the businesswoman ) quickly ) briefly ) . the bear hiked ( while the synthetic businesswoman hiked but the quick mouse hiked but a dog goes ) . the man 
 Val bits: 3.056356731697917 
 val acc: 0.81759375
 END