Autoregressive_training for q13:START: 
 Seed_id: [6, 8, 7, 4, 17, 6, 7, 4, 29, 12, 11, 17, 19, 15, 21, 4]
 generated_ids: [6, 8, 7, 4, 17, 6, 7, 4, 29, 12, 11, 17, 19, 15, 21, 4, 4, 18, 11, 4, 7, 8, 27, 25, 1, 4, 7, 4, 7, 1, 6, 8, 16, 6, 6, 24, 6, 5, 4, 8, 4, 15, 4, 3, 24, 8, 14, 4, 11, 13, 22, 4, 4, 6, 14, 21, 4, 16, 5, 6, 4, 4, 5, 20, 4, 7, 21, 4, 16, 4, 10, 10, 4, 13, 17, 10, 4, 9, 4, 14, 4, 4, 9, 4, 14, 18, 25, 4, 6, 4, 4, 14, 4, 0, 8, 4, 17, 4, 17, 4, 9, 4, 29, 4, 12, 8, 4, 7, 4, 16, 26, 4, 13, 1, 30, 10, 4, 23, 21, 4, 4, 4, 5, 4, 4, 23, 4, 4, 7, 8, 4, 4, 23, 12, 6, 24, 4, 13, 4, 22, 25, 4, 4, 9, 4, 4, 24, 8, 17, 13, 18, 4, 0, 4, 7, 1, 0, 4, 4, 4, 18, 12, 4, 17, 4, 24, 27, 18, 14, 4, 18, 4, 9, 18, 4, 13, 26, 24, 4, 16, 15, 20, 4, 4, 8, 25, 18, 30, 18, 15, 22, 4, 1, 6, 5, 0, 17, 4, 13, 22, 6, 5, 4, 4, 24, 20, 5, 11, 5, 4, 4, 18, 28, 1, 22, 8]
 text: ant cat quickly  bi tnp(.start t t.startanwaadae n l .unkdnr iom  ary wea  eg ty w hh och s r  s rb( a  r .padn c c s q un t w) o.startjh .y   e  .  tn  .uad o m(  s  dncob .pad t.start.pad   bu c dpbr b sb o)d wlg  n(bjblm .startae.padc omae  dgeie  bf.startmn 
 Val bits: 4.454500725314875 
 val acc: 0.20909633757961785
 ENDSTART: 
 Seed_id: [26, 4, 23, 4, 6, 4, 22, 13, 12, 9, 5, 4, 16, 5, 8, 7]
 generated_ids: [26, 4, 23, 4, 6, 4, 22, 13, 12, 9, 5, 4, 16, 5, 8, 7, 4, 25, 4, 16, 10, 11, 15, 5, 4, 6, 4, 22, 6, 8, 4, 16, 6, 15, 19, 5, 24, 4, 25, 4, 16, 10, 11, 15, 5, 4, 7, 10, 5, 4, 18, 12, 9, 11, 8, 5, 9, 9, 22, 6, 8, 4, 10, 11, 19, 5, 24, 4, 28, 13, 14, 4, 7, 10, 5, 4, 18, 12, 9, 11, 8, 5, 9, 9, 16, 13, 22, 6, 8, 4, 26, 4, 26, 4, 23, 4, 6, 4, 8, 11, 17, 5, 4, 24, 13, 20, 4, 16, 6, 15, 19, 9, 4, 13, 8, 4, 7, 10, 5, 4, 9, 27, 5, 17, 7, 6, 17, 12, 15, 6, 14, 4, 15, 6, 16, 21, 5, 14, 4, 11, 22, 27, 6, 7, 11, 5, 8, 7, 15, 21, 4, 23, 4, 6, 4, 20, 13, 14, 20, 5, 13, 12, 9, 4, 17, 6, 7, 4, 10, 11, 19, 5, 24, 4, 25, 4, 13, 8, 4, 6, 4, 7, 5, 6, 17, 10, 5, 14, 4, 26, 4, 23, 4, 6, 4, 27, 5, 14, 9, 13, 8, 4, 14, 6, 8, 4, 18, 12, 7, 4, 6, 4, 7, 5, 6, 17]
 text: ) . a mouse went ( while a man walked ( while the businessman hiked for the businesswoman ) ) . a nice dog walks on the spectacular lawyer impatiently . a gorgeous cat hiked ( on a teacher ) . a person ran but a teac 
 Val bits: 2.260473544810228 
 val acc: 0.8165804140127388
 ENDSTART: 
 Seed_id: [7, 5, 6, 17, 10, 5, 14, 4, 16, 5, 8, 7, 4, 26, 4, 26]
 generated_ids: [7, 5, 6, 17, 10, 5, 14, 4, 16, 5, 8, 7, 4, 26, 4, 26, 4, 18, 14, 11, 5, 28, 15, 21, 4, 23, 4, 7, 10, 5, 4, 7, 5, 6, 17, 10, 5, 14, 4, 16, 6, 15, 19, 5, 24, 4, 25, 4, 28, 13, 14, 4, 6, 4, 18, 12, 9, 21, 4, 19, 13, 6, 15, 6, 4, 26, 4, 23, 4, 6, 4, 9, 21, 8, 7, 10, 5, 7, 11, 17, 4, 17, 6, 7, 4, 16, 6, 15, 19, 5, 24, 4, 25, 4, 18, 12, 7, 4, 6, 4, 16, 13, 22, 6, 8, 4, 10, 11, 19, 5, 24, 4, 16, 11, 7, 10, 4, 7, 10, 5, 4, 22, 6, 8, 4, 26, 4, 23, 4, 7, 10, 5, 4, 9, 21, 8, 7, 10, 5, 7, 11, 17, 4, 18, 12, 9, 11, 8, 5, 9, 9, 16, 13, 22, 6, 8, 4, 16, 5, 8, 7, 4, 18, 12, 7, 4, 6, 4, 17, 6, 7, 4, 14, 12, 8, 9, 4, 25, 4, 13, 8, 4, 6, 4, 9, 21, 8, 7, 10, 5, 7, 11, 17, 4, 18, 12, 9, 11, 8, 5, 9, 9, 22, 6, 8, 4, 26, 4, 23, 4, 7, 10, 5, 4, 7, 5]
 text: teacher went ) ) briefly . the teacher walked ( for a busy koala ) . a synthetic cat walked ( but a woman hiked with the man ) . the synthetic businesswoman went but a cat runs ( on a synthetic businessman ) . the te 
 Val bits: 2.490653436275045 
 val acc: 0.8230493630573248
 ENDSTART: 
 Seed_id: [4, 14, 12, 8, 9, 4, 25, 4, 18, 12, 7, 4, 6, 4, 5, 8]
 generated_ids: [4, 14, 12, 8, 9, 4, 25, 4, 18, 12, 7, 4, 6, 4, 5, 8, 20, 6, 20, 5, 24, 4, 17, 6, 7, 4, 10, 11, 19, 5, 24, 4, 16, 10, 11, 15, 5, 4, 7, 10, 5, 4, 5, 8, 20, 6, 20, 5, 24, 4, 18, 5, 6, 14, 4, 20, 13, 5, 9, 4, 18, 12, 7, 4, 6, 4, 5, 8, 20, 11, 8, 5, 5, 14, 4, 16, 5, 8, 7, 4, 25, 4, 6, 7, 4, 6, 4, 9, 27, 5, 17, 7, 6, 17, 12, 15, 6, 14, 4, 22, 13, 12, 9, 5, 4, 26, 4, 18, 14, 11, 5, 28, 15, 21, 4, 26, 4, 18, 14, 11, 5, 28, 15, 21, 4, 23, 4, 6, 4, 29, 12, 11, 17, 19, 4, 30, 12, 24, 20, 5, 4, 10, 11, 19, 5, 24, 4, 6, 7, 4, 7, 10, 5, 4, 18, 12, 8, 8, 21, 4, 11, 22, 27, 6, 7, 11, 5, 8, 7, 15, 21, 4, 23, 4, 7, 10, 5, 4, 9, 21, 9, 7, 5, 22, 6, 7, 11, 17, 4, 24, 13, 20, 4, 16, 6, 15, 19, 5, 24, 4, 25, 4, 6, 7, 4, 7, 10, 5, 4, 22, 6, 8, 4, 26, 4, 23]
 text:  runs ( but a engaged cat hiked while the engaged bear goes but a engineer went ( at a spectacular mouse ) briefly ) briefly . a quick judge hiked at the bunny impatiently . the systematic dog walked ( at the man ) . 
 Val bits: 2.749241255271207 
 val acc: 0.8195660828025477
 ENDSTART: 
 Seed_id: [6, 4, 7, 5, 6, 17, 10, 5, 14, 4, 23, 4, 7, 10, 5, 4]
 generated_ids: [6, 4, 7, 5, 6, 17, 10, 5, 14, 4, 23, 4, 7, 10, 5, 4, 9, 21, 9, 7, 5, 22, 6, 7, 11, 17, 4, 24, 13, 20, 4, 16, 5, 8, 7, 4, 18, 12, 7, 4, 6, 4, 22, 6, 8, 4, 16, 6, 15, 19, 9, 4, 16, 10, 11, 15, 5, 4, 6, 4, 16, 11, 15, 15, 13, 16, 21, 4, 22, 6, 8, 4, 10, 11, 19, 5, 24, 4, 18, 14, 11, 5, 28, 15, 21, 4, 23, 4, 6, 4, 8, 11, 17, 5, 4, 24, 13, 20, 4, 16, 6, 15, 19, 9, 4, 25, 4, 7, 13, 4, 6, 4, 30, 12, 24, 20, 5, 4, 26, 4, 23, 4, 6, 4, 22, 13, 12, 9, 5, 4, 16, 6, 15, 19, 5, 24, 4, 25, 4, 16, 10, 11, 15, 5, 4, 6, 4, 19, 13, 6, 15, 6, 4, 14, 12, 8, 9, 4, 7, 13, 4, 7, 10, 5, 4, 15, 6, 16, 21, 5, 14, 4, 26, 4, 23, 4, 7, 10, 5, 4, 9, 21, 9, 7, 5, 22, 6, 7, 11, 17, 4, 18, 5, 6, 14, 4, 16, 6, 15, 19, 9, 4, 23, 4, 6, 4, 15, 6, 16, 21, 5, 14, 4, 20, 13, 5]
 text: a teacher . the systematic dog went but a man walks while a willowy man hiked briefly . a nice dog walks ( to a judge ) . a mouse walked ( while a koala runs to the lawyer ) . the systematic bear walks . a lawyer goe 
 Val bits: 2.899611066101463 
 val acc: 0.8201632165605095
 ENDSTART: 
 Seed_id: [26, 4, 23, 4, 6, 4, 24, 13, 20, 4, 14, 6, 8, 4, 25, 4]
 generated_ids: [26, 4, 23, 4, 6, 4, 24, 13, 20, 4, 14, 6, 8, 4, 25, 4, 16, 10, 11, 15, 5, 4, 6, 4, 18, 12, 9, 21, 4, 5, 8, 20, 11, 8, 5, 5, 14, 4, 14, 6, 8, 4, 25, 4, 16, 10, 11, 15, 5, 4, 7, 10, 5, 4, 9, 21, 8, 7, 10, 5, 7, 11, 17, 4, 7, 5, 6, 17, 10, 5, 14, 4, 16, 5, 8, 7, 4, 18, 12, 7, 4, 6, 4, 22, 13, 12, 9, 5, 4, 20, 13, 5, 9, 4, 25, 4, 6, 7, 4, 7, 10, 5, 4, 29, 12, 11, 17, 19, 4, 16, 13, 22, 6, 8, 4, 26, 4, 18, 14, 11, 5, 28, 15, 21, 4, 29, 12, 11, 17, 19, 15, 21, 4, 11, 22, 27, 6, 7, 11, 5, 8, 7, 15, 21, 4, 26, 4, 26, 4, 23, 4, 6, 4, 16, 11, 15, 15, 13, 16, 21, 4, 30, 12, 24, 20, 5, 4, 16, 6, 15, 19, 5, 24, 4, 16, 10, 11, 15, 5, 4, 7, 10, 5, 4, 5, 8, 20, 6, 20, 5, 24, 4, 24, 13, 20, 4, 10, 11, 19, 5, 24, 4, 23, 4, 7, 10, 5, 4, 18, 12, 9, 21, 4, 18, 12, 9]
 text: ) . a dog ran ( while a busy engineer ran ( while the synthetic teacher went but a mouse goes ( at the quick woman ) briefly quickly impatiently ) ) . a willowy judge walked while the engaged dog hiked . the busy bus 
 Val bits: 3.102866899815335 
 val acc: 0.8199641719745223
 END